10 0.37390625 0.1830722891566265 0.062041015625 0.03195180722891566
4 0.36796875 0.2488433734939759 0.059462890625 0.044457831325301206
1 0.37 0.31219277108433735 0.0646875 0.052855421686746985
3 0.3677734375 0.37521686746987953 0.05791015625 0.05198795180722891
8 0.36728515625 0.43738554216867465 0.0551953125 0.04656626506024096
9 0.36515625 0.4951686746987952 0.06255859375 0.049554216867469886
0 0.365830078125 0.5541204819277109 0.048212890625 0.04198795180722892
6 0.369560546875 0.6112650602409638 0.055673828125 0.04513253012048193
5 0.364765625 0.6655421686746987 0.05130859375 0.041108433734939755
7 0.364794921875 0.8349638554216867 0.053115234375 0.048
2 0.36400390625 0.8947349397590362 0.047470703125 0.046361445783132525