5 0.22162393162393162 0.05825799338478501 0.05040404040404041 0.02491730981256891
1 0.29303807303807305 0.10620727673649394 0.04713286713286713 0.024906284454244764
10 0.09573426573426573 0.2596582138919515 0.04691530691530692 0.025446527012127892
7 0.28330225330225334 0.4172105843439912 0.06722610722610722 0.02538037486218302
4 0.3000932400932401 0.576207276736494 0.047226107226107226 0.024211686879823596
6 0.08609168609168609 0.6651157662624035 0.06159285159285159 0.025226019845644983
5 0.09752136752136753 0.7759977949283352 0.04863247863247863 0.024178610804851158
10 0.2925874125874126 0.9138257993384785 0.04872571872571873 0.026659316427783904
4 0.8205050505050505 0.33865490628445427 0.03756798756798757 0.023880926130099227
10 0.8097591297591298 0.08454244762954796 0.03819735819735819 0.024454244762954797
6 0.5876845376845377 0.17208379272326352 0.05136752136752137 0.025810363836824696