10 0.07818873668188736 0.09033405172413793 0.048401826484018265 0.02752155172413793
0 0.07621765601217656 0.29684267241379314 0.050875190258751896 0.02725215517241379
7 0.1354642313546423 0.37389008620689657 0.07512176560121765 0.02976293103448276
9 0.25967275494672754 0.3585883620689655 0.08289954337899544 0.025086206896551725
4 0.3208904109589041 0.5652262931034483 0.049779299847792995 0.03025862068965517
6 0.07681126331811264 0.748739224137931 0.06213089802130898 0.029331896551724138
10 0.2508447488584475 0.9338146551724138 0.04785388127853882 0.030226293103448276
9 0.5514611872146119 0.18674568965517244 0.0845433789954338 0.03119612068965517
0 0.526986301369863 0.284073275862069 0.05297564687975647 0.026336206896551726
10 0.8194672754946727 0.055463362068965516 0.040441400304414 0.025161637931034483
4 0.8417427701674277 0.3294288793103448 0.04200152207001522 0.028954741379310346