10 0.20301611665387564 0.10820652173913044 0.03513430544896393 0.02052173913043478
0 0.3470529547198772 0.40299999999999997 0.058879508825786644 0.023619565217391305
1 0.2534689178818112 0.47255434782608696 0.03811204911742133 0.02451086956521739
6 0.07366845740598618 0.5145543478260869 0.06125095932463546 0.023282608695652175
3 0.4809823484267076 0.8584021739130435 0.03744435917114351 0.02343478260869565
2 0.3711972371450499 0.5605652173913044 0.049293937068303914 0.023999999999999997
0 0.6262778204144283 0.3507391304347826 0.05854182655410591 0.022608695652173914
8 0.7268303914044513 0.3552391304347826 0.057505755947812744 0.023032608695652174
9 0.9249654643131235 0.4797065217391304 0.059232540291634696 0.024249999999999997
5 0.8781350729086723 0.17167391304347826 0.049462778204144284 0.023315217391304346
7 0.5890176515732924 0.08518478260869566 0.06596316193399847 0.021804347826086954