1 0.1462985529322163 0.39372317596566525 0.04693830921553694 0.023916309012875534
6 0.44507235338918505 0.2067489270386266 0.04977151561309977 0.022939914163090127
6 0.09847677075399848 0.61862660944206 0.058781416603198786 0.024270386266094422
1 0.1410967250571211 0.739774678111588 0.038469154607768466 0.023562231759656653
2 0.5095887281035796 0.6537982832618026 0.0515993907083016 0.023583690987124463
3 0.3362985529322163 0.555557939914163 0.04344249809596344 0.025472103004291844
8 0.6159862909367859 0.31549356223175967 0.059017517136329016 0.024409871244635194
0 0.5991317593297791 0.10925965665236051 0.057631378522467636 0.02592274678111588
5 0.9267402894135567 0.1749785407725322 0.05156892612338156 0.025118025751072963
7 0.9271363290175171 0.27358369098712443 0.06775323686214775 0.024130901287553647
9 0.8606397562833207 0.3975643776824034 0.060289413556740286 0.02490343347639485