8 0.15247252747252749 0.18675409836065573 0.06283359497645212 0.02853551912568306
4 0.3509811616954474 0.23798907103825134 0.048100470957613814 0.023442622950819673
2 0.26653846153846156 0.26504918032786884 0.06200156985871271 0.02489617486338798
1 0.34733908948194664 0.2999234972677596 0.04838304552590267 0.026448087431693988
2 0.47452119309262164 0.22377049180327868 0.06184458398744114 0.026043715846994532
10 0.10271585557299844 0.3111256830601093 0.04813971742543171 0.024459016393442622
7 0.22423076923076923 0.705825136612022 0.08278649921507064 0.023595628415300548
5 0.3518681318681319 0.7770819672131147 0.05975667189952904 0.026010928961748635
0 0.4318367346938775 0.7471584699453552 0.05072998430141287 0.022666666666666665
9 0.6655180533751962 0.3444590163934426 0.08613814756671899 0.02915846994535519
6 0.8110832025117739 0.158775956284153 0.062119309262166404 0.0279672131147541