0 0.2965601217656012 0.16152852529601722 0.049117199391172 0.024068891280947254
4 0.15145357686453575 0.21319698600645856 0.04554794520547945 0.04963401506996771
4 0.28856164383561644 0.2980947255113025 0.03776255707762557 0.02456404736275565
9 0.20535768645357685 0.4179224973089343 0.037336377473363776 0.024391819160387514
9 0.429048706240487 0.34218514531754574 0.05850837138508371 0.024370290635091496
1 0.4333257229832572 0.21278794402583423 0.045654490106544904 0.025091496232508073
3 0.38538812785388127 0.772508073196986 0.03615677321156773 0.025705059203444562
9 0.27318112633181124 0.6964370290635091 0.05554033485540335 0.023519913885898816
6 0.22207762557077626 0.6818406889128095 0.04865296803652968 0.021593110871905272
7 0.26443683409436836 0.5988805166846071 0.08159817351598174 0.02481162540365985
2 0.8090030441400304 0.17007534983853606 0.04863774733637747 0.022045209903121636
0 0.7984398782343989 0.22335844994617868 0.06050989345509894 0.024068891280947254
6 0.6893302891933029 0.34705059203444566 0.052191780821917805 0.026846071044133477