7 0.5082900763358779 0.07800215982721383 0.06785496183206106 0.024924406047516195
0 0.4509923664122137 0.15056155507559393 0.05671755725190839 0.021900647948164147
6 0.5968167938931298 0.21006479481641468 0.050977099236641225 0.0241792656587473
8 0.492 0.4103887688984881 0.058725190839694665 0.023056155507559396
5 0.9106946564885496 0.26989200863930884 0.052946564885496185 0.028876889848812093
9 0.837145038167939 0.633866090712743 0.05914503816793894 0.024406047516198705
1 0.16321374045801526 0.4666738660907127 0.04954961832061069 0.027786177105831533
6 0.07122900763358779 0.4372786177105832 0.05951908396946565 0.028250539956803458
1 0.2610763358778626 0.47007559395248383 0.040877862595419846 0.02688984881209503
2 0.6859083969465648 0.5887473002159826 0.05114503816793893 0.0248488120950324
3 0.5097175572519084 0.8145032397408207 0.04180152671755725 0.025421166306695463