8 0.24086193745232645 0.1602155172413793 0.06459954233409611 0.024062499999999997
4 0.3759344012204424 0.14517241379310344 0.044988558352402744 0.05005387931034483
1 0.42285278413424865 0.20731681034482757 0.0462090007627765 0.024342672413793103
9 0.4239435545385202 0.35187500000000005 0.03946605644546148 0.024202586206896554
6 0.3023493516399695 0.3899461206896552 0.036086956521739134 0.06390086206896552
10 0.33222730739893214 0.5272521551724139 0.04697177726926011 0.024202586206896554
9 0.1760411899313501 0.7736099137931034 0.05818459191456903 0.02615301724137931
7 0.47556064073226545 0.7703987068965517 0.08028222730739894 0.02320043103448276
3 0.39306636155606406 0.8174676724137931 0.039282990083905414 0.022079741379310344
7 0.6509382151029748 0.21379310344827587 0.05805491990846682 0.023362068965517242
0 0.8014111365369947 0.2245689655172414 0.058497330282227304 0.024234913793103448
5 0.8382532418001526 0.42760775862068967 0.05805491990846682 0.02646551724137931
6 0.6232723112128147 0.38162715517241375 0.05408085430968727 0.02709051724137931