7 0.21424657534246574 0.16383458646616542 0.09197869101978691 0.026530612244897958
4 0.3716286149162861 0.15618689581095596 0.03764079147640791 0.024500537056928035
1 0.5059817351598174 0.22508055853920517 0.04729832572298326 0.026874328678839956
2 0.49482496194824965 0.2725456498388829 0.060471841704718414 0.025746509129967777
2 0.34665905631659055 0.28961331901181525 0.05929223744292237 0.02509129967776584
6 0.22803652968036528 0.436530612244898 0.059117199391172 0.026165413533834586
5 0.462869101978691 0.519795918367347 0.05821156773211567 0.024769065520945217
0 0.5435007610350076 0.7065735767991408 0.04943683409436834 0.025080558539205156
7 0.44973363774733643 0.7919763694951665 0.08200913242009132 0.024919441460794844
9 0.6805783866057838 0.26471535982814176 0.08077625570776256 0.023662728249194416
10 0.6997108066971081 0.38635875402792696 0.04770928462709285 0.02459720730397422