8 0.13881769641495043 0.17184665226781856 0.062158657513348585 0.024384449244060472
5 0.37897787948131195 0.12494600431965443 0.061250953470633106 0.056835853131749464
4 0.4424485125858123 0.1564794816414687 0.04694126620900076 0.05070194384449244
1 0.46752097635392825 0.23896328293736502 0.05138062547673532 0.029146868250539956
2 0.36394355453852023 0.3987580993520518 0.04160183066361556 0.08212742980561555
6 0.23155606407322654 0.4442548596112311 0.03712433257055683 0.07250539956803456
7 0.4362623951182304 0.7466306695464363 0.08619374523264683 0.026069114470842335
9 0.16186117467581998 0.736317494600432 0.05935163996948894 0.02531317494600432
7 0.6489473684210526 0.21377969762419008 0.06052631578947368 0.024794816414686827
6 0.6216857360793288 0.3824730021598272 0.05675819984744469 0.03009719222462203
5 0.8367124332570557 0.42631749460043195 0.0589626239511823 0.02642548596112311