6 0.23834603658536585 0.10685344827586206 0.03493140243902439 0.06713362068965517
9 0.13814024390243904 0.17186422413793104 0.05952743902439024 0.022823275862068965
5 0.12579268292682927 0.31547413793103446 0.056128048780487806 0.05706896551724138
4 0.2764862804878049 0.43046336206896557 0.04466463414634146 0.047359913793103454
2 0.3630106707317073 0.3984590517241379 0.04009908536585366 0.07732758620689656
1 0.4652743902439025 0.2374030172413793 0.04801829268292683 0.025161637931034483
7 0.3824314024390244 0.588415948275862 0.08155487804878049 0.021864224137931033
10 0.4158384146341464 0.8186853448275863 0.04507621951219512 0.02576508620689655
9 0.1601905487804878 0.7346551724137931 0.057576219512195125 0.025323275862068964
5 0.8358003048780487 0.4257004310344828 0.06020579268292683 0.024385775862068963
6 0.620297256097561 0.3804849137931034 0.05365853658536586 0.023803879310344826
7 0.6476600609756098 0.21336206896551724 0.05888719512195122 0.0265625